
-221
-120
-185
-171
-256
-100
-236
-323
-286
-105
-358
-108
-343
-106
-107
-247
-442
-386
-294
-321
-105
-234
-395
-198
-333
-104
-105
-177
-322
-254
-406
-180
-106
-134
-207
-318
-177
-286
-103
-244
-356
-221
-273
-98
-325
-288
-202
-219
-400
-154
-168
-346
-340
-348
-159
-241
-107
-101
-284
-110
-243
-241
-152
-279
-145
-196
-102
-148
-217
-100
-130
-104
-239
-163
-137
-403
-247
-319
-271
-107
-152
-104
-102
-104
-301
-102
-102
-104
-104
-148
-101
-103
-133
-104
-104
-105
-104
-105
-86
-103
-105
-197
-324
-98
-113
-148
-216
-102
-334
-107
-279
-221
-167
-106
-191
-338
-285
-279
-258
-151
-98
-95
-148
-105
-129
-102
-206
-135
-98
-117
-289
-151
-183
-259
-301
-147
-210
-273
-312
-341
-239
-281
-119
-99
-296
-237
-242
-230
-316
-142
-234
-149
-295
-160
-250
-97
-489
-91
-236
-197
-260
-219
-341
-244
-338
-309
-239
-307
-262
-330
-228
-377
-301
-275
-352
-316
-172
-200
-273
-142
-90
-135
-101
-128
-199
-89
-82
-109
-92
-155
-108
-158
-96
-98
-92
-304
-286
-140
-84
-112
-295
-210
-136
-189
-247
-170
-94
-104
-155
-100
-274
-232
-204
-268
-188
-107
-115
-115
-120
-101
-159
-224
-36
-54
-213
-272
-108
-259
-163
-149
-153
-174
-281
-333
-370
-259
-275
-347
-148
-83
-28
-51
-320
-245
-218
-245
-127
-188
-129
-152
-155
-101
-112
-14
-107
-310
-182
-97
-283
-18
-185
-39
-240
-99
-82
-329
-45
-224
-46
-212
-195
-136
-137
-128
-158
-195
-332
-43
-114
-217
-318
-216
-297
-166
-272
-166
-227
-108
-173
-192
-141
-210
-50
-43
-129
-22
-297
-90
-29
-121
-125
-130
-140
-368
-215
-188
-352
-225
-305
-309
-236
-226
-298
-317
-241
-139
-335
-77
-9
-296
-328
-270
-190
-204
-224
-100
-162
-226
-316
-243
-259
-132
-145
-344
-374
-185
-119
-136
-208
-232
-222
-292
-42
-244
-263
-197
-109
-149
-293
-86
-91
-316
-139
-58
-200
-304
-27
-155
-298
-187
-302
-260
-327
-19
-168
-135
-236
-340
-120
-101
-312
-272
-193
-127
-19
-126
-271
-264
-223
-289
-318
-97
-274
-261
-169
-201
-369
-273
0
-117
-227
-100
-329
-268
-154
-103
-317
-200
-273
-241
-277
-142
-4
-146
-226
-104
-89
-334
-175
-47
-246
-178
-237
-135
-316
-245
-235
-205
-266
-372
-366
-9
-269
-183
-255
-242
-236
-342
-287
-256
-289
-378
-210
-320
-298
-272
-229
-255
-332
-281
-257
-183
-183
-369
-135
-216
-348
-174
-185
-58
-212
-165
-105
-324
-66
-71
-216
-228
-254
-283
-268
-223
-118
-154
-372
-273
-320
-321
-183
-286
-231
-255
-46
-142
-207
-229
-300
-89
-117
-130
-144
-11
-135
-134
-232
-229
-52
-208
-157
-265
-247
-289
-243
-332
-236
-315
-305
-301
-134
-300
-316
-277
-259
-285
-278
-376
-264
-269
-244
-219
-233
-225
-264
-238
-329
-157
-226
-214
-203
-291
-202
-29
-203
-61
-315
-211
-180
-279
-233
-99
-281
-325
-143
-137
-194
-222
-331
-218
-248
-196
-265
-273
-306
-153
-172
-158
-179
-241
-329
-313
-280
-336
-250
-31
-214
-192
-62
-139
-293
-361
-268
-288
-299
-333
-197
-356
-278
-210
-79
-359
-51
-333
-220
-303
-162
-369
-323
-346
-384
-362
-311
-296
-313
-147
-360
-313
-324
-329
-298
-290
-24
-357
-292
-309
-337
-214
-279
-241
-108
-271
-295
-303
-363
-143
-338
-86
-332
-208
-96
-331
-378
-128
-53
-168
-300
-313
-206
-315
-229
-347
-150
-358
-22
-172
-249
-133
-262
-180
-289
-107
-219
-200
-243
-260
-332
-299
-342
-111
-61
-33
-77
-1
-23
-219
-350
-107
-35
-205
-8
-54
-202
-165
-80
-292
-178
-109
-103
-248
-61
-212
-313
-13
-180
-97
-235
-128
-73
-89
-25
-166
-77
-13
-128
-52
-217
-193
-152
-183
-192
-29
-40
-233
-360
-81
-217
-153
-279
-332
-386
-169
-9
-81
-250
-223
-21
-88
-100
-278
-283
-193
-154
-24
-243
-208
-173
-226
-241
-243
-26
-280
-156
-309
-278
-165
-206
-151
-293
-89
-70
-178
-200
-240
-369
-265
-268
-80
-234
-136
-110
-147
-254
-218
-188
-230
-327
-214
-252
-222
-256
-2
-208
-149
-75
-288
-142
-196
-154
-274
-303
-314
-283
-337
-252
-356
-173
-328
-197
-128
-234
-338
-231
-265
-295
-264
-286
-323
-236
-70
-332
-199
-248
-176
-93
-257
-243
-131
-10
-12
-180
-239
-100
-180
-290
-224
-308
-365
-342
-84
-278
-219
-214
-307
-204
-245
-76
-325
-264
-67
-101
-181
-132
-30
-30
-233
-258
-450
-197
-115
-18
-123
-70
-295
-177
-36
-128
-230
-29
-114
-199
-241
-128
-315
-254
-49
-273
-277
-282
-155
-65
-215
-204
-252
-162
-296
-105
-246
-122
-199
-195
-270
-150
-259
-80
-230
-231
-201
-195
-279
-104
-273
-211
-193
-187
-381
-167
-208
-79
-86
-226
-229
-171
-361
-327
-226
-94
-44
-175
-280
-60
-155
-98
-251
-245
-257
-70
-199
-214
-358
-47
-314
-203
-114
-291
-193
-249
-33
-188
-204
-161
-187
-210
-221
-261
-244
-298
-276
-324
-253
-302
-367
-304
-205
-23
-274
-26
-191
-59
-90
-135
-252
-104
-62
-215
-312
-231
-243
-132
-74
-251
-122
-271
-140
-99
-214
-206
-231
-316
-250
-165
-221
-291
-255
-235
-164
-169
-287
-252
-298
-295
-243
-108
-166
-181
-174
-214
-278
-155
-249
-12
-258
-95
-290
-199
-338
-253
-88
-118
-258
-181
-235
-219
-270
-248
-275
-249
-122
-122
-105
-276
-224
-142
-69
-302
-222
-298
-322
-285
-337
-113
-154
-230
-289
-311
-279
-281
-350
-264
-222
-242
0
-299
-40
-167
-68
-279
-285
-274
-281
0
-357